snap(-60,-80,-60)
sky(95,95,182)
fog(255,125,0)
clouds(140,140,140,0,-3000)
ground(120,60,0)
texture(0,0,0,0)
fadefrom(8000)
density(8)
mountains(0)
nlaps(1)
soundtrack(dbl_mornjung.s3m,183,159)
lightson()

aerial()

set(47,0,0,0)p
set(38,0,-2000,0)
set(38,0,0,0)
set(38,0,2000,0)
set(38,0,4000,0)
set(38,0,6000,0)
set(32,0,5600,0)
set(10,0,5600,0)
set(10,0,11200,0)
set(10,0,16800,0)
set(10,0,22400,0)
chk(40,0,26000,0)p
set(10,0,28000,0)
set(31,0,30400,0)
set(23,0,30800,180)
set(23,0,47600,0,5000)
set(10,0,50400,0,5000)
set(10,0,56000,0,5000)
set(10,0,61600,0,5000)
chk(40,0,64400,0,5000)p
set(13,-1520,67230,30,5000)
set(14,-3040,71810,-90,5000)
set(12,-7620,73330,60,5000)
set(38,-15550,74850,90,5000)
set(10,-13250,74850,90,5000)
set(38,-20550,74850,90,5000)
set(10,-18850,74850,90,5000)
set(38,-25550,74850,90,5000)
set(10,-24450,74850,90,5000)
set(38,-30550,74850,90,5000)
set(10,-30050,74850,90,5000)
set(10,-35650,74850,90,5000)
set(28,-40614,74850,90,5000)
set(26,-40673,74850,90,5435)
set(23,-38450,74850,-90,5000)
set(30,-57541,74850,-90,3000)
set(23,-58610,74850,90,3000)
set(22,-59170,74850,-90,3000)
set(22,-60290,74850,90,3000)
set(10,-63650,74850,90,3000)
set(10,-69250,74850,90,3000)
set(10,-74850,74850,90,3000)
chk(40,-77650,74850,90,3000)
set(13,-80480,73330,-60,3000)
set(14,-85060,71810,0,3000)
set(12,-86580,67230,-30,3000)
set(20,-88100,61600,0,3000)
set(17,-88100,57050,90,3000)
set(17,-84600,57050,-90,3000)
chk(42,-84600,55300,0,3000)
set(17,-84600,53550,180,3000)
set(17,-88100,53550,0,3000)
set(17,-88100,50050,90,3000)
set(17,-84600,50050,-90,3000)
set(17,-84600,46550,180,3000)
set(17,-88100,46550,0,3000)
chk(42,-88100,44800,0,3000)
set(17,-88100,43050,90,3000)
set(17,-84600,43050,-90,3000)
set(17,-84600,39550,180,3000)
set(17,-88100,39550,0,3000)
set(17,-88100,36050,90,3000)
set(17,-84600,36050,-90,3000)
chk(42,-84600,34300,0,3000)
set(17,-84600,32550,180,3000)
set(17,-88100,32550,0,3000)
set(20,-88100,28000,180,3000)
set(13,-86580,22370,30,3000)
set(14,-85060,17790,90,3000)
set(12,-80480,16270,60,3000)
chk(40,-74850,14750,-90,3000)
set(10,-74850,14750,-90,3000)
set(10,-69250,14750,-90,3000)
set(29,-64286,14750,-90,3000)
set(23,-66450,14750,90,3000)
set(23,-54390,14750,-90,5000)
set(22,-53830,14750,90,5000)
set(22,-52710,14750,-90,5000)
set(10,-49350,14750,-90,5000)
set(10,-43750,14750,-90,5000)
set(14,-39200,14750,180,5000)
set(10,-39200,19300,0,5000)
set(10,-39200,24900,0,5000)
set(23,-39200,27700,180,5000)
set(23,-55250,14750,-90,3000)
set(10,-52450,14750,-90,3000)
set(37,-46820,16400,0,3000)
set(13,-46820,16270,-60,3000)
set(14,-42240,17790,180,3000)
set(37,-40850,22370,0,3000)
set(12,-40720,22370,-30,3000)
set(10,-39200,28000,0,3000)
set(10,-39200,33600,0,3000)
set(10,-39200,39200,0,3000)
set(10,-39200,44800,0,3000)
set(14,-39200,49350,-90,3000)
set(10,-43750,49350,90,3000)
chk(40,-43750,49350,90,3000)
set(14,-48300,49350,90,3000)
set(10,-48300,53900,0,3000)
set(28,-48300,58864,0,3000)
set(23,-48300,56700,180,3000)
set(49,-47600,66450,180,3500)
set(23,-48300,66450,0,3500)
set(49,-47600,69250,180,3500)
set(10,-48300,69250,0,3500)
set(10,-48300,74850,0,3500)
set(49,-47600,80450,180,3500)
set(10,-48300,80450,0,3500)
set(49,-47600,83250,180,3500)
set(23,-48300,83250,180,3500)
set(23,-48300,93100,0,2000)
set(23,-48300,93100,180,2000)
set(23,-48300,101500,0)
chk(40,-48300,101500,0,583)
set(30,-48300,102200,180)
set(10,-48300,104300,0)
set(10,-48300,109900,0)
set(14,-48300,114450,-90)
set(10,-52850,114450,90)
set(10,-58450,114450,90)
set(20,-64050,114450,-90)
set(44,-69650,114450,-90)
set(34,-75250,114450,90)
set(43,-75250,114450,90)
set(43,-80850,114450,90)
set(43,-86450,114450,90)
set(43,-92050,114450,90)
set(43,-97650,114450,90)
set(44,-103250,114450,90)
set(17,-107800,114450,0)
chk(42,-107800,112700,0)
set(17,-107800,110950,90)
set(44,-103250,110950,90)
set(35,-99050,111350,-90)
set(35,-96250,110550,-90)
set(43,-97650,110950,-90)
set(43,-92050,110950,-90)
set(43,-86450,110950,-90)
set(43,-80850,110950,-90)
set(44,-75250,110950,-90)
set(17,-70700,110950,-90)
chk(42,-70700,109200,0)
set(44,-70700,106400,0)
set(43,-70700,100800,180)
set(34,-70700,100800,180)
set(43,-70700,95200,180)
set(33,-70700,95200,180)
set(43,-70700,89600,180)
set(33,-70700,89600,180)
set(44,-70700,84000,180)
set(17,-70700,79450,180)
set(20,-75250,79450,90)
set(10,-80850,79450,90)
set(14,-85400,79450,0)
chk(40,-85400,74900,0)
set(10,-85400,74900,180)
set(14,-85400,70350,90)
set(10,-80850,70350,90)
set(10,-75250,70350,90)
chk(40,-72450,70350,90)
set(12,-69620,68830,60)
chk(40,-66790,67310,90)
set(13,-63960,68830,-60)
chk(40,-61130,70350,90)
set(12,-58300,68830,60)
chk(40,-55470,67310,90)
set(13,-52640,68830,-60)
chk(40,-49810,70350,90)
set(12,-46980,68830,60)
chk(40,-44150,67310,90)
set(13,-41320,68830,-60)
chk(40,-38490,70350,90)
set(12,-35660,68830,60)
chk(40,-32830,67310,90)
set(13,-30000,68830,-60)
set(14,-25420,70350,180)
set(10,-25420,74900,0)
chk(40,-25420,74900,0)
set(14,-25420,79450,-90)
set(10,-29970,79450,90)
set(10,-35570,79450,90)
set(10,-41170,79450,90)
set(10,-46770,79450,90)
set(29,-48870,79450,90)
set(23,-49570,79450,-90)
set(24,-55650,79450,-90)
set(15,-58450,79450,90)
set(16,-64050,79450,90)
set(15,-69650,79450,90)
set(10,-86450,79450,90)
set(10,-92050,79450,90)
set(14,-96600,79450,0)
set(10,-96600,74900,180)
chk(40,-96600,74900,180)
set(10,-96600,69300,180)
set(32,-96250,69300,180)
set(32,-96950,67900,180)
set(32,-96250,66500,180)
set(32,-96950,65100,180)
set(10,-96600,63700,180)
set(20,-96600,58100,0)
set(17,-96600,53550,90)
set(15,-92050,53550,-90)
set(35,-86850,53550,-90)
set(15,-86850,53550,-90)
set(16,-81650,53550,-90)
set(15,-76450,53550,-90)
set(15,-71250,53550,-90)
chk(42,-66050,53550,-90)
set(15,-66050,53550,-90)
set(17,-61500,53550,180)
set(15,-61500,58100,0)
set(15,-61500,63700,0)
set(35,-61500,65700,0)
set(24,-61500,66500,0)
set(24,-61500,83300,180)
set(34,-61500,86100,0)
set(15,-61500,86100,0)
set(24,-61500,88900,0)
set(24,-61500,94500,180,3000)
set(15,-61500,97300,0,3000)
set(15,-61500,102900,0,3000)
chk(42,-63950,107450,90,3000)
set(17,-61500,107450,-90,3000)
set(24,-63250,107450,90,3000)
set(24,-78050,107450,-90)
set(44,-80850,107450,-90)
set(33,-86450,107450,90)
set(43,-86450,107450,90)
set(33,-92050,107450,90)
set(43,-92050,107450,90)
set(33,-97650,107450,90)
set(43,-97650,107450,90)
set(44,-103250,107450,90)
set(17,-107800,107450,0)
set(20,-107800,102900,180)
chk(40,-107800,100100,0)
chk(40,-107800,92311,0,583)
set(28,-107800,83370,0,583)
set(28,-109200,83370,0,583)
set(28,-106400,83370,0,583)
set(26,-107800,83311,180,1018)
set(26,-109200,83311,180,1018)
set(26,-106400,83311,180,1018)
set(45,-107800,96791,180)
set(46,-107800,92311,180)
set(46,-107800,86711,180)
set(23,-107800,83911,0,583)
set(23,-109200,83911,0,583)
set(23,-106400,83911,0,583)
set(23,-107800,72100,180,3750)
set(10,-107800,69300,180,3750)
set(28,-107800,60359,180,3750)
set(26,-107800,60300,180,4185)
set(10,-107800,63700,180,3750)
set(23,-107800,60900,0,3750)
set(23,-107800,49700,180,7500)
set(10,-107800,46900,180,7500)
set(27,-107800,38500,180,7500)
set(10,-107800,41300,180,7500)
set(23,-107800,38500,0,7500)
set(24,-107800,27300,0,11000)
chk(42,-107800,24500,180,11000)
set(15,-107800,24500,180,11000)
set(15,-107800,18900,180,11000)
set(17,-107800,14350,90,11000)
set(16,-103250,14350,-90,11000)
set(17,-98700,14350,180,11000)
chk(42,-98700,20300,0,11000)
set(15,-98700,18900,0,11000)
set(34,-98700,24500,0,11000)
set(15,-98700,24500,0,11000)
set(15,-98700,30100,0,11000)
set(15,-98700,35700,0,11000)
set(15,-98700,41300,0,11000)
set(16,-98700,46900,0,11000)
set(24,-98700,49700,0,11000)
set(23,-98700,56300,0,11000)
chk(40,-98700,59100,0,11000)
set(10,-98700,59100,0,11000)
set(10,-98700,64700,0,11000)
set(10,-98700,70300,0,11000)
set(14,-98700,74850,0,11000)
set(10,-94150,74850,-90,11000)
set(23,-91350,74850,90,11000)
set(23,-18150,74850,-90)
set(38,-18750,74850,-90)
set(10,-15350,74850,-90)
set(38,-13750,74850,-90)
set(10,-9750,74850,-90)
set(38,-8750,74850,-90)
set(10,-4150,74850,-90)
set(38,-3750,74850,-90)
set(38,1250,74850,-90)
set(10,1450,74850,-90)
set(38,6250,74850,-90)
set(10,7050,74850,-90)
chk(40,11250,74850,-90)
set(10,12650,74850,-90)
set(12,18280,73330,60)
set(14,22860,71810,-90)
set(13,24380,67230,30)
set(10,25900,61600,180)
set(31,25900,59200,180)
set(23,25900,58800,0)
set(23,25900,44800,180,6000)
set(31,25900,39600,180,6000)
set(10,25900,42000,180,6000)
set(23,25900,39200,0,6000)
set(23,25900,28000,180,12000)
set(31,25900,22800,180,12000)
set(10,25900,25200,180,12000)
set(23,25900,22400,0,12000)
set(23,25900,8400,180,18000)
set(10,25900,5600,180,18000)
set(10,25900,0,180,18000)
set(14,25900,-4550,180,18000)
set(10,21350,-4550,90,18000)
set(10,15750,-4550,90,18000)
set(10,10150,-4550,90,18000)
chk(40,5600,-4550,90,18000)
set(23,7350,-4550,-90,18000)
set(30,2550,-4550,270,18200)
set(30,2550,-4550,270,18000)
set(30,2550,-4550,270,17800)
fix(41,4400,-4550,-18200,90)
fix(41,4400,-4550,-18000,90)
fix(41,4400,-4550,-17800,90)
set(23,12950,-4550,90)
set(10,10150,-4550,90)
set(10,4550,-4550,90)
set(14,0,-4550,90)
set(23,2800,47600,0)
set(26,2800,47600,180)
set(23,2800,47600,180)
set(23,-2800,47600,0)
set(26,-2800,47600,180)
set(23,-2800,47600,180)
set(49,-55181,76250,0,3000)
set(49,-55181,73450,0,3000)
set(30,-57541,76390,-90,3000)
set(30,-57541,73310,-90,3000)
set(23,-58610,76390,90,3000)
set(22,-59170,76390,-90,3000)
set(22,-60290,76390,90,3000)
set(23,-58610,73310,90,3000)
set(22,-59170,73310,-90,3000)
set(22,-60290,73310,90,3000)
set(10,-63650,76390,90,3000)
set(10,-63650,73310,90,3000)
set(23,-66450,76390,-90,3000)
set(23,-66450,73310,-90,3000)
set(26,-87400,55300,0,3000)
set(37,-88500,55300,-90,3000)
set(37,-86300,55300,-90,3000)
set(37,-88500,55300,0,3000)
set(37,-86300,55300,0,3000)
set(23,-87400,55300,90,3000)
set(23,-87400,55300,-90,3000)
set(26,-85300,51800,0,3000)
set(37,-84200,51800,-90,3000)
set(37,-86400,51800,-90,3000)
set(37,-84200,51800,0,3000)
set(37,-86400,51800,0,3000)
set(23,-85300,51800,-90,3000)
set(23,-85300,51800,90,3000)
set(38,-87400,48300,0,3000)
set(38,-87400,48300,90,3000)
set(37,-88500,48300,-90,3000)
set(37,-86300,48300,-90,3000)
set(37,-88500,48300,0,3000)
set(37,-86300,48300,0,3000)
set(23,-87400,48300,90,3000)
set(23,-87400,48300,-90,3000)
set(26,-85300,44800,0,3000)
set(37,-84200,44800,-90,3000)
set(37,-86400,44800,-90,3000)
set(37,-84200,44800,0,3000)
set(37,-86400,44800,0,3000)
set(23,-85300,44800,-90,3000)
set(23,-85300,44800,90,3000)
set(26,-87400,41300,0,3000)
set(37,-86300,41300,-90,3000)
set(37,-88500,41300,-90,3000)
set(37,-86300,41300,0,3000)
set(37,-88500,41300,0,3000)
set(23,-87400,41300,90,3000)
set(23,-87400,41300,-90,3000)
set(26,-85300,37800,0,3000)
set(37,-84200,37800,-90,3000)
set(37,-86400,37800,-90,3000)
set(37,-84200,37800,0,3000)
set(37,-86400,37800,0,3000)
set(23,-85300,37800,-90,3000)
set(23,-85300,37800,90,3000)
set(26,-87400,34300,0,3000)
set(37,-88500,34300,-90,3000)
set(37,-86300,34300,-90,3000)
set(37,-88500,34300,0,3000)
set(37,-86300,34300,0,3000)
set(23,-87400,34300,-90,3000)
set(23,-87400,34300,90,3000)
set(49,-109900,93711,0,583)
set(49,-109900,90911,0,583)
set(49,-109900,88111,0,583)
set(49,-109900,85311,0,583)
set(49,-105700,93711,180,583)
set(49,-105700,90911,180,583)
set(49,-105700,88111,180,583)
set(49,-105700,85311,180,583)
set(46,-109200,92311,180)
set(46,-109200,86711,180)
set(46,-106400,92311,180)
set(46,-106400,86711,180)
set(14,22860,71810,180)
set(12,24380,76390,-30)
set(10,25900,82020,0)
set(23,25900,84820,180)
set(28,25900,71810,180)
set(23,25900,72920,180)
set(23,25900,70700,0)
set(23,23100,42000,180)
set(26,23100,42000,0)
set(23,23100,42000,0)
set(23,28700,42000,180)
set(26,28700,42000,0)
set(23,28700,42000,0)
set(23,23100,25200,180)
set(26,23100,25200,0)
set(23,23100,25200,0)
set(23,28700,25200,180)
set(26,28700,25200,0)
set(23,28700,25200,0)
set(23,23100,8400,180)
set(26,23100,8400,0)
set(23,23100,8400,0)
set(23,28700,8400,180)
set(26,28700,8400,0)
set(23,28700,8400,0)
set(46,25900,-6090,90,18000)
set(46,27440,-4550,0,18000)
set(14,26660,-5310,180,18000)

maxl(26,-117600,-4800)
maxb(32,-7200,-115200)
maxr(26,36000,-4800)
maxt(32,117600,-115200)
